{
  "height": 54,
  "width": 300,
  "x": -82.05208587646484,
  "y": 64.80000305175781
}