{
  "height": 54,
  "width": 300,
  "x": -83.54666137695312,
  "y": 64.80000305175781
}