{
  "height": 54,
  "width": 300,
  "x": -82.21419525146484,
  "y": 64.80000305175781
}