{
  "height": 54,
  "width": 300,
  "x": -82.99048614501953,
  "y": 64.80000305175781
}