{
  "height": 54,
  "width": 300,
  "x": -109.64869689941406,
  "y": 64.80000305175781
}